proj:       99
zone:       0
north:      67553
south:      60083
east:       -126051
west:       -140331
cols:       476
rows:       249
e-w resol:  30
n-s resol:  30
top:        1.000000000000000
bottom:     0.000000000000000
cols3:      476
rows3:      249
depths:     1
e-w resol3: 30
n-s resol3: 30
t-b resol:  1
